Binary Search Time Complexity 

worst and Average Case                  Best case 
       O(log n)                          O(1)

    Searching for 12 
         [2, 4, 5, 9, 11 ,13 14, 15, 19, 20, 22, 23, 27, 30, 32, 39]
step 1   [2, 4, 5, 9, 11 ,13 14, 15, 19, 20, 22, 23, 27, 30, 32, 39]       
                                 M
step 2   [2, 4, 5, 9, 11 ,13 14]       
                   M
step 3   [11, 13, 14]
              M                         Not found
step 4   [11]                           16 elements = 4 steps


    Searching for 72 
         [2, 4, 5, 9, 11 ,13 14, 15, 19, 20, 22, 23, 27, 30, 32, 39, 42, 44, 45, 49, 51, 53, 54, 55, 59, 60, 62, 63, 67, 70, 72, 79]

step 1   [2, 4, 5, 9, 11 ,13 14, 15, 19, 20, 22, 23, 27, 30, 32, 39, 42,  44, 45, 49, 51, 53, 54, 55, 59, 60, 62, 63, 67, 70, 72, 79]       
                                 M - 39
                                 
step 2   [42,  44, 45, 49, 51, 53, 54, 55, 59, 60, 62, 63, 67, 70, 72, 79]       
                   M - 55

step 3   [59, 60, 62, 63, 67, 70, 72, 79]
              M - 63        

step 4   [67, 70, 72, 79]  
              M - 70                     72 Found 
                                        32 elements = 5 steps 
step 5   [72, 79]                         Log2N    2^ = N                  


// Log216 = 16 = 2^4 = 2*2*2*2 = 16
// Log232 = 32 = 2^5 = 2*2*2*2*2 = 32 

